37414
417775
59457
706040
911939
645972
55776
784848
991852
191077
25510
609337
105261
380581
66972
240768
1469270
50180
1451344
102911
803647
83371
1620428
511336
440674
154078
142943
1268270
13866
407450
352704
395348
31706
716323
494835
615664
216304
689451
2854308
427224
232382
739459
1975515
166421
664518
405300
744872
330854
1045702
8221
114828
567888
941249
131455
766226
1032853
246483
1112863
358583
134404
161550
1995053
505034
535475
330964
22463
78737
10417
925284
205085
128785
138373
260981
177225
22635
2596287
2819536
103869
102702
61918
4896
517060
127124
1872320
203818
993204
437588
15055
507438
588138
43778
490154
1275728
340905
726743
147749
258404
2389939
19335
596978
45150
125921
122201
222472
2410
119333
347628
128091
144558
923183
297457
1072741
1121070
403613
415148
642005
521903
40861
10179
53698
290013
1132936
163397
403318
965422
600895
924687
1695145
1466296
121511
372341
1486062
379827
1266516
474298
195560
68563
1244372
622353
415951
1420262
547328
108804
584313
467239
16818
298687
543441
594808
751541
44697
286137
64839
1816510
1021560
167688
948050
616684
431561
226336
200209
18707
908033
1612578
1969394
1108326
91845
866662
265734
1428285
585425
155280
284286
433306
232818
1077677
614470
287192
71367
1371694
34156
258160
288662
343164
703860
962226
85460
133019
473804
911550
727900
425000
975490
973392
296583
1720908
1090551
263913
345219
174571
27472
109192
218379
1117842
192584
275110
452313
330679
1541795
2275365
778098
735198
59172
843120
1195147
1890384
73488
695349
550020
18430
241032
161495
227651
464400
225835
1167937
28344
332535
80518
453910
157681
125746
656813
7809
509642
404716
189883
604941
54192
562209
725347
364785
1350926
7349
730883
478550
294564
19846
234274
49596
137150
153588
295373
889691
3135009
1103941
947239
216124
354613
2157844
129012
272478
483758
1346672
201209
632794
706811
356728
146080
372019
3696538
373980
770802
202337
57187
6328
478054
127668
2426118
96293
977956
176419
459220
63544
1558578
200223
609676
235379
178738
1106171
271099
890836
740314
190790
55288
262898
467387
215593
284987
240324
224422
583999
2381677
83786
120877
604962
1185567
162978
115794
565692
194696
157018
287348
724943
484759
80965
179092
1586411
1123044
28384
486176
562669
578460
205138
249266
127232
2036
92784
924147
496609
624169
1195441
116517
479848
146394
475487
864433
30635
324191
449646
1289816
257753
12765
1796431
619964
708294
67545
436500
217725
191439
724859
139888
270208
177678
370548
29434
265186
148569
154886
36425
647764
108998
858887
1756120
477121
464826
8297
625125
71030
13602
284531
37232
638512
31770
410067
746802
1974430
669057
16998
844316
505093
763584
1895420
314720
61557
968907
1317247
20155
874986
353763
10629
98638
655675
716857
870828
3222751
561952
1914482
59536
1689403
570868
72723
108159
118070
76951
3275302
1197733
460861
595426
281993
311968
1531622
109964
138915
787041
37940
584537
1101639
2211
187323
1167858
146525
842725
336824
1199318
583106
56301
526633
195673
1588339
1890460
31033
1460735
388633
311152
1551587
594987
33614
1118015
33858
2039599
1248902
204702
179408
396842
178909
595024
621616
221870
635037
658764
334685
4016553
155296
330235
992920
1419061
281133
1748553
938808
273366
1496347
113382
147195
286889
367969
465562
644881
213080
1183361
516652
130454
159736
1714745
542374
1043442
661565
26358
1422407
743838
1550050
1767899
800948
1639930
598454
766077
964035
1208334
2197366
261528
1048898
1032801
29205
468571
1928082
160540
188251
34729
653522
96159
2047885
6933
142695
485488
572317
718480
923633
563526
809165
1028295
762021
73369
165839
72741
380503
419276
253791
49353
782332
32707
542564
5123
490406
126273
3117840
2575498
166330
572414
429878
462794
523371
179329
19024
23599
441687
655897
543965
77605
889327
1462308
1478513
417046
260259
113756
791422
551137
155093
679274
543559
539981
47498
898442
1307942
649339
37059
143947
80466
1440574
188214
832876
131938
563283
1149128
89819
128679
702905
642882
1283312
899812
266728
161803
201761
138714
979901
309556
849742
613372
621641
342451
68996
2304256
141445
28604
2156326
1085066
990351
565553
178476
312809
1110101
877464
787475
915033
208886
123904
3087052
565965
685923
160131
113849
765605
1785173
803161
533786
176923
1046313
85629
1245653
1077455
749287
94254
314768
128674
22793
1869257
798838
157295
709892
738605
746695
501661
1974034
90436
52699
651645
351533
253875
9490
284734
428799
649551
999586
1193329
81976
476856
628716
372874
890711
284489
603294
248055
441616
188741
67727
450612
1289375
1087966
472314
1234521
368282
125822
1036353
587485
398243
3183542
779376
575609
50868
283050
2696883
427827
1218037
127497
159184
497717
10772
124081
227708
2074496
537164
682123
1040602
374243
571175
131676
347471
170920
882384
114319
41173
248740
1147353
630
737845
102592
330337
1808
1888083
1066714
16519
323071
77000
2267991
248198
91095
277386
1523363
215500
345865
18241
1508446
118016
637598
367865
1054515
398118
744043
254054
842068
1938648
282941
143593
14847
333385
1189783
22092
106562
14935
98421
803455
727179
755906
133141
1378823
877865
264418
567915
809550
1116171
355024
157836
1186376
225981
488868
1004300
917755
76872
990581
1106071
522806
196131
491771
67696
376760
858864
268498
231832
577170
1082189
159342
6189
92631
439361
203677
359507
1941431
581217
1950301
146373
1633974
89019
466097
412544
381311
129989
149601
1377007
322792
303920
189266
169232
25077
766447
1117008
757790
133290
422317
1701330
980722
162922
152856
1232063
1022437
7723
355140
748971
216757
179991
458403
195536
132521
232832
12411
992419
298634
1843376
233950
354154
168966
692974
192996
319389
122324
3139247
640713
397089
267117
677007
136087
546938
806066
58290
13671
1380058
572806
363481
1046573
860310
65408
932339
221106
3002381
384573
482892
34817
2828846
378613
5647
1206911
177509
60340
169505
92147
119007
1208102
172562
457903
125913
30289
151172
263948
194700
101377
362516
25104
934405
1204616
63895
572624
1117848
148484
444996
314131
1774030
1739496
806894
263574
183779
573510
986664
166299
308637
19473
1095714
17397
38454
407804
647433
709582
937532
818360
412747
948333
1350715
451257
786335
204804
765903
203351
1122508
1251453
797828
365587
29880
24022
77033
582716
5355
1075874
938101
378793
32680
14035
372472
746251
1138354
1127140
233449
1229450
172625
1157905
24772
675062
94964
649610
249469
391309
119146
438692
141712
463620
143701
231628
393777
1298916
1175940
2060325
140809
247087
486581
313131
1195892
395161
100603
1270922
196677
585287
524633
9224
1482436
228590
417004
31396
371287
380695
1126482
78392
290784
110565
4073
1367583
603459
623691
614362
219517
2153899
175043
142670
292195
723595
151554
147309
202666
2020218
290026
58805
266433
757500
255022
1060787
145818
721856
59057
58070
891803
120114
329946
119725
660445
24668
47633
83191
669841
678671
728265
153715
367253
165906
1327591
2204188
891462
338326
336259
146522
383922
374435
1220685
10459
566731
235317
103226
553158
14894
178434
309815
332451
299377
104891
244766
786661
